%ml.jra55.a = [  0.000000000000, ...         % surface
ml.jra55.a = [  0.000000000000, ...         % 1 
                0.000000000000, ...         % 2
                0.000000000000, ...         % 3
                0.000000000000, ...         % 4
                0.000000000000, ...         % 5
                0.000000000000, ...         % 6
                0.000000000000, ...         % 7 
                133.051011276943, ...       % 8 
                364.904148871589, ...       % 9 
                634.602716447362, ...       % 10
                959.797167291774, ...       % 11
                1347.680041655150, ...      % 12
                1790.907395951100, ...      % 13
                2294.841689948500, ...      % 14
                2847.484777711760, ...      % 15
                3468.871488118640, ...      % 16
                4162.956462969160, ...      % 17
                4891.880832504910, ...      % 18
                5671.824239804080, ...      % 19
                6476.712996385320, ...      % 20
                7297.469894720490, ...      % 21
                8122.159791249150, ...      % 22
                8914.082201062340, ...      % 23
                9656.181910501640, ...      % 24
                10329.436177774600, ...     % 25
                10912.638444238700, ...     % 26
                11369.647830843200, ...     % 27
                11695.371597470000, ...     % 28
                11861.253087394800, ...     % 29
                11855.434316349300, ...     % 30
                11663.355365580300, ...     % 31
                11285.404064494200, ...     % 32
                10729.949405567900, ...     % 33
                10014.615053510700, ...     % 34
                9167.247035833100, ...      % 35
                8226.244907704420, ...      % 36
                7201.568980298280, ...      % 37
                6088.673008533920, ...      % 38
                4950.000000000000, ...      % 39
                4000.000000000000, ...      % 40
                3230.000000000000, ...      % 41
                2610.000000000000, ...      % 42
                2105.000000000000, ...      % 43
                1700.000000000000, ...      % 44
                1370.000000000000, ...      % 45
                1105.000000000000, ...      % 46
                893.000000000000, ...       % 47
                720.000000000000, ...       % 48
                581.000000000000, ...       % 49
                469.000000000000, ...       % 50
                377.000000000000, ...       % 51
                301.000000000000, ...       % 52
                237.000000000000, ...       % 53
                182.000000000000, ...       % 54
                136.000000000000, ...       % 55
                97.000000000000, ...        % 56
                65.000000000000, ...        % 57
                39.000000000000, ...        % 58
                20.000000000000, ...        % 59
                0.000000000000              % 60
                ]; 
                
%ml.jra55.b = [  1.000000000000000000, ...   % surface
ml.jra55.b = [  0.997000000000000000, ...   % 1
                0.994000000000000000, ...   % 2
                0.989000000000000000, ...   % 3
                0.982000000000000000, ...   % 4
                0.972000000000000000, ...   % 5
                0.960000000000000000, ...   % 6
                0.946000000000000000, ...   % 7
                0.926669489887231000, ...   % 8
                0.904350958511284000, ...   % 9
                0.879653972835526000, ...   % 10
                0.851402028327082000, ...   % 11
                0.819523199583449000, ...   % 12
                0.785090926040489000, ...   % 13
                0.748051583100515000, ...   % 14
                0.709525152222882000, ...   % 15
                0.668311285118814000, ...   % 16
                0.624370435370308000, ...   % 17
                0.580081191674951000, ...   % 18
                0.534281757601959000, ...   % 19
                0.488232870036147000, ...   % 20
                0.442025301052795000, ...   % 21
                0.395778402087509000, ...   % 22
                0.350859177989377000, ...   % 23
                0.307438180894984000, ...   % 24
                0.265705638222254000, ...   % 25
                0.225873615557613000, ...   % 26
                0.189303521691568000, ...   % 27
                0.155046284025300000, ...   % 28
                0.124387469126052000, ...   % 29
                0.096445656836507500, ...   % 30
                0.072366446344196600, ...   % 31
                0.052145959355057800, ...   % 32
                0.035700505944321400, ...   % 33
                0.022853849464893500, ...   % 34
                0.013327529641668900, ...   % 35
                0.006737550922955820, ...   % 36
                0.002484310197017220, ...   % 37
                0.000113269914660783, ...   % 38
                0.000000000000000000, ...   % 39
                0.000000000000000000, ...   % 40
                0.000000000000000000, ...   % 41
                0.000000000000000000, ...   % 42
                0.000000000000000000, ...   % 43
                0.000000000000000000, ...   % 44
                0.000000000000000000, ...   % 45
                0.000000000000000000, ...   % 46
                0.000000000000000000, ...   % 47
                0.000000000000000000, ...   % 48
                0.000000000000000000, ...   % 49
                0.000000000000000000, ...   % 50
                0.000000000000000000, ...   % 51
                0.000000000000000000, ...   % 52
                0.000000000000000000, ...   % 53
                0.000000000000000000, ...   % 54
                0.000000000000000000, ...   % 55
                0.000000000000000000, ...   % 56
                0.000000000000000000, ...   % 57
                0.000000000000000000, ...   % 58
                0.000000000000000000, ...   % 59
                0.000000000000000000        % 60
                ]; 

                
ml.erai.a = [   20.000000,...
                38.425343,...
                63.647804,...
                95.636963,...
                134.483307,...
                180.584351,...
                234.779053,...
                298.495789,...
                373.971924,...
                464.618134,...
                575.651001,...
                713.218079,...
                883.660522,...
                1094.834717,...
                1356.474609,...
                1680.640259,...
                2082.273926,...
                2579.888672,...
                3196.421631,...
                3960.291504,...
                4906.708496,...
                6018.019531,...
                7306.631348,...
                8765.053711,...
                10376.126953,...
                12077.446289,...
                13775.325195,...
                15379.805664,...
                16819.474609,...
                18045.183594,...
                19027.695313,...
                19755.109375,...
                20222.205078,...
                20429.863281,...
                20384.480469,...
                20097.402344,...
                19584.330078,...
                18864.750000,...
                17961.357422,...
                16899.468750,...
                15706.447266,...
                14411.124023,...
                13043.218750,...
                11632.758789,...
                10209.500977,...
                8802.356445,...
                7438.803223,...
                6144.314941,...
                4941.778320,...
                3850.913330,...
                2887.696533,...
                2063.779785,...
                1385.912598,...
                855.361755,...
                467.333588,...
                210.393890,...
                65.889244,...
                7.367743,...
                0.000000,...
                0.000000
            ];

